2 0.16250000 0.52812500 0.11250000 0.09687500
0 0.38671900 0.08437500 0.07031200 0.07500000
2 0.95468800 0.92812500 0.08750000 0.08437500
0 0.07890600 0.29218700 0.07343800 0.07500000
2 0.69843800 0.60234400 0.06875000 0.08593800
2 0.84531300 0.43593800 0.11250000 0.08437500
2 0.13750000 0.73359400 0.06562500 0.08281300
0 0.57109400 0.21796900 0.07343800 0.07031200
0 0.14296900 0.07656300 0.08593800 0.09375000
0 0.07578100 0.73046900 0.05468800 0.06406300
0 0.90312500 0.77890600 0.08437500 0.09218800
2 0.89765600 0.30937500 0.08906300 0.08437500
0 0.81250000 0.94687500 0.07812500 0.08125000
