2 0.16484400 0.45781300 0.10156200 0.07187500
2 0.85078100 0.36875000 0.09218800 0.08437500
2 0.95390600 0.86015600 0.08906300 0.07968800
0 0.29531300 0.95234400 0.07812500 0.08281300
0 0.57187500 0.15078100 0.07187500 0.07343800
2 0.70156300 0.53203100 0.06562500 0.07968800
0 0.08046900 0.66171900 0.05781300 0.05781300
0 0.07968800 0.22500000 0.07187500 0.07812500
0 0.81250000 0.87734400 0.07500000 0.07968800
0 0.90234400 0.70859400 0.08281300 0.08906300
2 0.13750000 0.66796900 0.07187500 0.07343800
2 0.89687500 0.23984400 0.08750000 0.08281300
