2 0.29218700 0.19609400 0.08750000 0.05781300
2 0.87578100 0.45625000 0.07656300 0.06250000
0 0.72968800 0.96718800 0.07187500 0.05937500
0 0.93125000 0.64921900 0.05937500 0.06718700
0 0.60390600 0.61250000 0.06718700 0.06875000
0 0.33046900 0.93593800 0.06406300 0.06250000
0 0.37812500 0.96718800 0.05937500 0.05312500
2 0.75703100 0.59609400 0.10156200 0.09843800
0 0.89218800 0.59140600 0.06250000 0.06406300
0 0.95078100 0.59375000 0.05468800 0.06250000
0 0.68203100 0.49218800 0.06718700 0.06875000
