2 0.41953100 0.70703100 0.11406300 0.05781300
2 0.40156300 0.82031200 0.07500000 0.07187500
2 0.55234400 0.69140600 0.06406300 0.12031300
2 0.79375000 0.27109400 0.06250000 0.14843800
2 0.63359400 0.78593800 0.06093800 0.11562500
2 0.43515600 0.65000000 0.10781300 0.05937500
2 0.31875000 0.50234400 0.09062500 0.07656300
2 0.51953100 0.80468800 0.11718800 0.08437500
2 0.69296900 0.35859400 0.05781300 0.07343800
2 0.68750000 0.18437500 0.10625000 0.07812500
2 0.60546900 0.54843800 0.06718700 0.12500000
