1 0.52421900 0.44609400 0.07343800 0.07031200
3 0.48046900 0.06718700 0.07968800 0.05625000
1 0.23125000 0.52656300 0.06250000 0.05937500
3 0.11562500 0.56796900 0.06875000 0.08593800
1 0.22109400 0.32265600 0.06093800 0.07031200
1 0.75234400 0.08437500 0.07343800 0.07187500
1 0.62734400 0.89140600 0.07031200 0.07656300
1 0.87031300 0.16484400 0.07187500 0.08281300
3 0.13671900 0.20937500 0.08281300 0.06562500
1 0.79062500 0.42500000 0.06875000 0.07500000
0 0.54531200 0.54218800 0.08125000 0.07500000
