2 0.47734400 0.30937500 0.05468800 0.06875000
2 0.43593800 0.88281200 0.06875000 0.08125000
2 0.33906300 0.94843800 0.06875000 0.10000000
0 0.85156200 0.84765600 0.08750000 0.08281300
2 0.62031300 0.27968800 0.05937500 0.06875000
2 0.33984400 0.06328100 0.09531300 0.07031200
2 0.12734400 0.67265600 0.08593800 0.06718700
2 0.16562500 0.77968800 0.10312500 0.10937500
2 0.77343800 0.05546900 0.10312500 0.08593800
2 0.13671900 0.37187500 0.06718700 0.11875000
2 0.27187500 0.52968700 0.09062500 0.07187500
2 0.51718800 0.17578100 0.06875000 0.07968800
2 0.44296900 0.36015600 0.08281300 0.05156300
2 0.70546900 0.12031300 0.08906300 0.06562500
2 0.82265600 0.12031300 0.07656300 0.05625000
2 0.28906200 0.29609400 0.08437500 0.12343800
2 0.35390600 0.53359400 0.09843800 0.13906300
